#DO_NOT_MODIFY: This config file was autogenerated! 

waypoints:

  n_layers: 3

  layer0:
    point0: [0.0, 1.0, 0.0, 0.0, 0.0, 0.0]
    point1: [0.5877852522924731, 0.8090169943749475, 0.0, 0.0, 0.0, 0.0]
    point2: [0.9510565162951535, 0.30901699437494745, 0.0, 0.0, 0.0, 0.0]
    point3: [0.9510565162951536, -0.30901699437494734, 0.0, 0.0, 0.0, 0.0]
    point4: [0.5877852522924732, -0.8090169943749473, 0.0, 0.0, 0.0, 0.0]
    point5: [1.2246467991473532e-16, -1.0, 0.0, 0.0, 0.0, 0.0]
    point6: [-0.587785252292473, -0.8090169943749476, 0.0, 0.0, 0.0, 0.0]
    point7: [-0.9510565162951535, -0.30901699437494756, 0.0, 0.0, 0.0, 0.0]
    point8: [-0.9510565162951536, 0.30901699437494723, 0.0, 0.0, 0.0, 0.0]
    point9: [-0.5877852522924734, 0.8090169943749473, 0.0, 0.0, 0.0, 0.0]
    point10: [-2.4492935982947064e-16, 1.0, 0.0, 0.0, 0.0, 0.0]

  layer1:
    point0: [0.0, 1.0, 0.3, 0.0, 0.0, 0.0]
    point1: [0.5877852522924731, 0.8090169943749475, 0.3, 0.0, 0.0, 0.0]
    point2: [0.9510565162951535, 0.30901699437494745, 0.3, 0.0, 0.0, 0.0]
    point3: [0.9510565162951536, -0.30901699437494734, 0.3, 0.0, 0.0, 0.0]
    point4: [0.5877852522924732, -0.8090169943749473, 0.3, 0.0, 0.0, 0.0]
    point5: [1.2246467991473532e-16, -1.0, 0.3, 0.0, 0.0, 0.0]
    point6: [-0.587785252292473, -0.8090169943749476, 0.3, 0.0, 0.0, 0.0]
    point7: [-0.9510565162951535, -0.30901699437494756, 0.3, 0.0, 0.0, 0.0]
    point8: [-0.9510565162951536, 0.30901699437494723, 0.3, 0.0, 0.0, 0.0]
    point9: [-0.5877852522924734, 0.8090169943749473, 0.3, 0.0, 0.0, 0.0]
    point10: [-2.4492935982947064e-16, 1.0, 0.3, 0.0, 0.0, 0.0]

  layer2:
    point0: [0.0, 1.0, 0.6, 0.0, 0.0, 0.0]
    point1: [0.5877852522924731, 0.8090169943749475, 0.6, 0.0, 0.0, 0.0]
    point2: [0.9510565162951535, 0.30901699437494745, 0.6, 0.0, 0.0, 0.0]
    point3: [0.9510565162951536, -0.30901699437494734, 0.6, 0.0, 0.0, 0.0]
    point4: [0.5877852522924732, -0.8090169943749473, 0.6, 0.0, 0.0, 0.0]
    point5: [1.2246467991473532e-16, -1.0, 0.6, 0.0, 0.0, 0.0]
    point6: [-0.587785252292473, -0.8090169943749476, 0.6, 0.0, 0.0, 0.0]
    point7: [-0.9510565162951535, -0.30901699437494756, 0.6, 0.0, 0.0, 0.0]
    point8: [-0.9510565162951536, 0.30901699437494723, 0.6, 0.0, 0.0, 0.0]
    point9: [-0.5877852522924734, 0.8090169943749473, 0.6, 0.0, 0.0, 0.0]
    point10: [-2.4492935982947064e-16, 1.0, 0.6, 0.0, 0.0, 0.0]

