#DO_NOT_MODIFY: This config file was autogenerated! 

waypoints:

  n_layers: 1

  layer0:
    point0: [0.0, 0.0, 0.3, 0.0, 0.0, 0.0]
    point1: [0.17633557568774194, 0.0, 0.2427050983124842, 0.0, 0.0, 0.0]
    point2: [0.285316954888546, 0.0, 0.09270509831248423, 0.0, 0.0, 0.0]
    point3: [0.2853169548885461, 0.0, -0.0927050983124842, 0.0, 0.0, 0.0]
    point4: [0.17633557568774197, 0.0, -0.24270509831248419, 0.0, 0.0, 0.0]
    point5: [3.6739403974420595e-17, 0.0, -0.3, 0.0, 0.0, 0.0]
    point6: [-0.1763355756877419, 0.0, -0.24270509831248427, 0.0, 0.0, 0.0]
    point7: [-0.285316954888546, 0.0, -0.09270509831248426, 0.0, 0.0, 0.0]
    point8: [-0.2853169548885461, 0.0, 0.09270509831248416, 0.0, 0.0, 0.0]
    point9: [-0.176335575687742, 0.0, 0.24270509831248419, 0.0, 0.0, 0.0]
    point10: [-7.347880794884119e-17, 0.0, 0.3, 0.0, 0.0, 0.0]

