#DO_NOT_MODIFY: This config file was autogenerated! 

waypoints:

  n_layers: 1

  layer0:
    point0: [0.0, 0.0, 0.5, 0.0, 0.0, 0.0]
    point1: [0.29389262614623657, 0.0, 0.4045084971874737, 0.0, 0.0, 0.0]
    point2: [0.47552825814757677, 0.0, 0.15450849718747373, 0.0, 0.0, 0.0]
    point3: [0.4755282581475768, 0.0, -0.15450849718747367, 0.0, 0.0, 0.0]
    point4: [0.2938926261462366, 0.0, -0.40450849718747367, 0.0, 0.0, 0.0]
    point5: [6.123233995736766e-17, 0.0, -0.5, 0.0, 0.0, 0.0]
    point6: [-0.2938926261462365, 0.0, -0.4045084971874738, 0.0, 0.0, 0.0]
    point7: [-0.47552825814757677, 0.0, -0.15450849718747378, 0.0, 0.0, 0.0]
    point8: [-0.4755282581475768, 0.0, 0.15450849718747361, 0.0, 0.0, 0.0]
    point9: [-0.2938926261462367, 0.0, 0.40450849718747367, 0.0, 0.0, 0.0]
    point10: [-1.2246467991473532e-16, 0.0, 0.5, 0.0, 0.0, 0.0]

